WAV FORMAT: BK
RECORD LENGTH: 32960
NSPIN: 2
RTAG: 45200
NKPOINTS: 1
KVEC1:   0.000000000     0.000000000     0.000000000
BANDS: 128 128
ENMAX: 420.00
LATTVEC1:   7.000000000     0.000000000     0.000000000
LATTVEC2:   0.000000000     7.500000000     0.000000000
LATTVEC3:   0.000000000     0.000000000     8.000000000
FERMI ENERGY: -6.588117
NPLANEWAVE (PER K-POINT): 4119
BINARY FORMAT: gamma
